0 1 2 3 4 5 6 7 8 9 10 11 12 13 14 15 16 17 18 19 20 21 22 23 24 25 26 27 28 29 30 31 32 33 34 35 36 37 38 39 40 41 42 43 44 45 46 47 48 49 50 51 52 53 54 55 56 57 58 59 60 61 62 63 64 65 66 67 68 69 70 71 72 73 74 75 76 77 78 79 80 81 82 83 84 85 86 87 88 89 90 91 92 93 94 95 96 97 98 99
0 73 80 47 11 44 2
1 93 34 81 42 57 47
2 94 77 72 22 87 76
3 88 17 62 21 92 12
4 39 2 15 76 65 27
5 68 40 88 86 32 23
6 64 10 62 28 37 13
7 57 23 65 36 81 41
8 10 55 18 4 3 75
9 92 91 31 88 51 0
10 7 94 79 32 57 48
11 71 59 63 31 80 83
12 87 45 97 10 51 43
13 62 82 38 2 26 53
14 85 96 61 17 77 37
15 5 60 13 49 48 14
16 46 81 55 99 8 79
17 36 90 39 61 77 85
18 7 96 5 63 99 73
19 56 32 3 50 78 37
20 93 44 69 97 33 57
21 23 77 26 10 66 31
22 85 80 13 9 81 42
23 66 93 79 47 12 68
24 33 8 28 96 62 63
25 86 65 38 39 77 22
26 47 81 74 71 79 96
27 14 70 95 93 94 4
28 54 84 51 8 50 39
29 14 8 82 29 92 42
30 51 68 17 83 33 29
31 18 12 77 88 72 2
32 65 10 84 86 4 6
33 71 78 67 16 52 72
34 12 26 55 89 11 98
35 23 29 86 20 57 13
36 36 71 74 0 91 99
37 31 16 54 71 25 60
38 39 72 75 77 18 31
39 82 32 74 61 80 54
40 91 67 56 5 18 2
41 31 52 27 34 40 74
42 7 44 99 45 98 84
43 89 48 10 62 45 81
44 71 54 21 0 97 3
45 39 10 45 80 5 86
46 24 78 33 34 60 38
47 0 66 12 29 23 83
48 94 93 49 72 8 50
49 24 41 8 42 31 85
50 65 31 42 9 26 34
51 62 30 17 2 29 10
52 82 57 58 97 65 92
53 84 50 15 52 54 12
54 9 58 1 55 51 42
55 73 84 0 86 64 80
56 86 99 51 56 5 13
57 37 81 4 89 52 90
58 62 22 39 82 31 8
59 93 65 66 91 32 87
60 18 64 10 69 79 84
61 67 95 53 57 85 10
62 84 91 5 40 21 66
63 74 12 50 35 94 41
64 69 10 68 41 81 25
65 94 71 58 48 8 49
66 28 23 65 38 57 84
67 83 67 84 68 55 50
68 5 0 96 72 79 18
69 31 56 87 71 85 13
70 85 16 4 93 74 27
71 3 67 83 96 98 91
72 58 79 42 38 47 69
73 63 98 11 38 9 84
74 56 45 53 24 97 12
75 17 35 97 44 73 95
76 94 53 27 55 34 0
77 57 82 64 87 69 63
78 25 60 69 51 47 38
79 12 89 37 36 77 32
80 48 32 11 40 99 42
81 25 14 6 63 42 33
82 3 9 74 53 79 15
83 79 34 62 71 47 6
84 35 66 13 30 86 14
85 51 57 48 37 93 96
86 74 67 73 8 51 5
87 40 42 73 74 71 15
88 4 81 67 32 47 96
89 54 59 32 64 60 83
90 51 27 40 83 25 20
91 92 71 97 89 84 32
92 18 1 28 95 19 52
93 5 26 65 81 87 33
94 59 85 87 97 96 0
95 13 65 55 18 93 10
96 32 90 17 12 79 38
97 13 99 38 4 3 64
98 5 86 37 56 75 90
99 87 21 46 11 5 89