0 1 2 3 4 5 6 7 8 9 10 11 12 13 14 15 16 17 18 19 20 21 22 23 24 25 26 27 28 29 30 31 32 33 34 35 36 37 38 39 40 41 42 43 44 45 46 47 48 49 50 51 52 53 54 55 56 57 58 59 60 61 62 63 64 65 66 67 68 69 70 71 72 73 74 75 76 77 78 79 80 81 82 83 84 85 86 87 88 89 90 91 92 93 94 95 96 97 98 99
0 98 45 39 41 50 43 29 52 90 2 9 65 96 56 25
1 39 79 90 70 68 46 78 23 63 10 81 20 29 32 65
2 0 80 77 91 58 34 27 65 78 99 62 30 5 72 90
3 95 51 79 40 30 56 87 12 5 22 27 38 59 55 89
4 31 17 77 24 58 96 3 43 62 95 29 92 37 91 83
5 14 56 68 72 77 36 26 66 13 2 58 45 75 5 11
6 87 21 50 13 82 4 88 61 52 62 65 10 17 60 48
7 76 47 10 95 44 63 19 29 36 64 0 67 5 17 12
8 43 98 85 16 46 21 74 97 19 66 10 15 5 17 36
9 96 74 34 86 20 51 29 45 44 77 16 5 98 87 12
10 14 24 10 40 41 65 99 70 62 82 84 9 32 22 17
11 65 97 4 34 27 89 42 33 5 7 49 30 39 62 91
12 49 51 27 95 64 13 32 75 38 33 84 24 41 94 70
13 59 80 26 95 81 46 50 92 5 84 96 19 22 37 73
14 13 33 98 52 51 14 95 6 23 81 12 78 3 57 63
15 71 70 52 24 68 66 15 49 51 53 14 84 42 55 89
16 11 64 26 39 7 66 31 14 32 70 46 10 13 21 82
17 15 20 84 61 29 48 31 90 22 60 14 26 32 45 56
18 3 98 71 89 17 30 15 70 13 82 49 12 94 96 47
19 52 93 95 3 60 97 6 68 61 34 45 47 63 70 8
20 63 68 30 57 8 20 76 87 35 81 4 86 23 97 14
21 72 60 2 68 23 86 35 0 70 9 61 27 31 39 11
22 19 18 70 10 88 79 26 33 74 55 96 80 91 97 11
23 93 81 94 72 55 34 53 56 89 39 95 48 91 6 90
24 25 74 59 46 84 83 96 4 88 65 13 91 56 31 8
25 80 98 58 4 22 76 65 13 41 12 69 19 42 73 29
26 36 18 25 1 59 15 32 45 57 49 84 9 81 85 14
27 90 3 12 40 6 27 80 29 32 97 65 58 15 56 64
28 96 16 69 67 60 22 5 46 4 26 85 0 72 74 43
29 45 62 97 64 42 80 72 86 56 81 52 44 14 25 43
30 88 48 65 67 20 64 44 7 74 5 59 85 4 63 9
31 65 18 21 79 55 6 37 85 48 32 47 61 64 38 68
32 70 76 53 33 59 16 40 99 80 11 88 58 4 62 90
33 90 91 92 57 46 58 93 95 21 41 8 12 74 0 51
34 60 0 95 82 98 42 18 71 22 83 65 58 64 80 54
35 85 36 33 57 29 53 28 15 81 68 58 18 12 10 47
36 78 22 64 79 73 36 69 62 34 44 7 80 15 37 81
37 40 17 76 92 82 33 18 55 77 39 58 23 12 54 51
38 29 91 86 14 76 37 54 94 39 72 74 70 15 50 18
39 79 72 58 49 98 6 1 7 97 73 81 22 62 40 84
40 42 32 5 10 87 28 66 57 73 69 30 15 48 6 71
41 25 88 43 73 23 97 3 98 8 11 28 61 60 76 6
42 71 4 26 94 98 25 43 88 70 59 31 81 37 80 62
43 86 96 20 11 44 88 2 87 19 24 99 45 49 89 15
44 65 59 46 82 43 30 87 8 95 11 97 99 90 49 44
45 21 32 98 23 40 31 71 62 74 72 49 66 38 37 6
46 35 21 48 43 44 29 22 0 52 42 89 10 6 45 5
47 28 72 74 18 3 49 8 15 86 21 6 12 60 76 34
48 30 41 59 75 40 55 65 18 49 31 39 77 17 72 15
49 14 7 45 62 61 63 76 89 57 51 48 82 9 12 32
50 86 98 51 6 24 80 2 29 79 91 65 61 75 55 47
51 62 41 60 48 90 19 61 67 53 83 54 75 16 31 24
52 66 73 80 9 65 63 15 14 64 27 37 67 21 54 40
53 77 56 65 35 62 64 81 3 92 85 89 5 53 87 10
54 38 15 41 76 4 53 39 43 95 32 27 14 78 25 74
55 92 57 52 64 67 11 93 63 46 78 50 81 31 96 26
56 87 7 10 33 36 40 37 86 70 79 65 23 17 97 75
57 71 32 62 25 51 22 47 1 74 14 31 8 42 26 55
58 69 0 56 71 21 4 68 18 44 72 37 75 93 89 54
59 96 29 66 95 42 22 23 64 68 19 26 86 5 54 62
60 68 16 35 18 62 78 34 97 42 13 72 86 87 94 37
61 59 92 78 10 9 57 2 12 55 5 11 35 42 69 68
62 91 9 51 70 97 90 42 74 93 94 2 68 10 15 48
63 68 42 75 22 92 64 11 4 17 35 83 29 43 82 74
64 90 91 67 18 86 73 85 81 74 33 12 82 47 71 79
65 83 72 70 91 14 81 6 25 24 96 66 55 61 29 12
66 65 58 69 38 63 94 32 1 45 8 87 51 77 26 18
67 82 87 4 30 24 75 94 11 84 98 9 43 3 48 71
68 95 15 8 9 34 96 79 25 2 7 31 67 80 24 11
69 85 86 94 74 39 2 13 71 69 54 19 44 38 47 95
70 72 29 50 5 9 47 92 17 75 39 79 84 37 51 21
71 6 63 55 40 43 88 56 20 14 83 45 73 47 34 18
72 88 29 31 1 6 21 89 80 93 9 48 36 50 26 87
73 6 10 29 40 78 18 27 15 82 36 53 45 17 26 52
74 82 48 66 30 56 85 76 3 28 31 8 63 65 21 70
75 20 61 19 86 98 43 56 26 72 69 14 24 2 23 63
76 5 84 71 45 53 87 8 95 76 42 98 23 63 37 77
77 94 19 16 76 26 83 17 58 87 85 29 80 33 7 28
78 88 84 24 12 86 55 53 23 51 66 70 35 0 64 27
79 7 97 36 68 70 47 11 8 80 73 74 75 5 10 59
80 97 10 88 84 22 62 72 35 94 96 55 4 66 44 75
81 52 41 49 35 10 80 95 87 55 67 61 37 69 22 86
82 33 12 60 58 70 9 71 83 8 53 13 11 10 99 91
83 64 84 41 74 89 47 69 36 9 3 21 34 78 27 73
84 5 57 61 15 65 3 32 35 11 63 39 58 2 87 10
85 56 80 95 50 42 79 67 48 9 70 76 57 25 23 14
86 18 10 77 55 64 78 57 79 92 26 9 34 73 91 87
87 39 2 92 36 94 56 5 53 45 82 16 65 71 54 98
88 61 43 82 3 55 18 8 70 90 36 59 80 7 64 44
89 77 97 6 75 43 67 98 59 44 30 49 85 78 27 36
90 84 1 26 45 89 31 59 24 21 60 43 57 41 15 75
91 51 52 4 74 87 81 86 94 57 15 97 71 61 14 34
92 58 5 12 24 86 17 23 73 93 38 15 40 65 27 46
93 82 27 68 63 97 30 99 88 2 33 28 26 3 23 22
94 3 76 6 69 11 55 29 87 50 41 72 42 67 97 43
95 12 44 77 5 85 51 57 37 45 75 28 90 3 62 27
96 68 21 95 82 75 71 58 43 6 48 41 47 3 89 77
97 70 5 51 39 37 17 11 16 52 96 46 57 31 67 29
98 11 80 42 72 52 85 92 87 3 83 40 77 61 24 49
99 16 89 83 81 65 59 44 48 62 67 54 38 37 93 43