0 1 2 3 4 5 6 7 8 9 10 11 12 13 14 15 16 17 18 19 20 21 22 23 24 25 26 27 28 29 30 31 32 33 34 35 36 37 38 39 40 41 42 43 44 45 46 47 48 49 50 51 52 53 54 55 56 57 58 59 60 61 62 63 64 65 66 67 68 69 70 71 72 73 74 75 76 77 78 79 80 81 82 83 84 85 86 87 88 89 90 91 92 93 94 95 96 97 98 99 100 101 102 103 104 105 106 107 108 109 110 111 112 113 114 115 116 117 118 119 120 121 122 123 124 125 126 127 128 129 130 131 132 133 134 135 136 137 138 139 140 141 142 143 144 145 146 147 148 149 150 151 152 153 154 155 156 157 158 159 160 161 162 163 164 165 166 167 168 169 170 171 172 173 174 175 176 177 178 179 180 181 182 183 184 185 186 187 188 189 190 191 192 193 194 195 196 197 198 199 200 201 202 203 204 205 206 207 208 209 210 211 212 213 214 215 216 217 218 219 220 221 222 223 224 225 226 227 228 229 230 231 232 233 234 235 236 237 238 239 240 241 242 243 244 245 246 247 248 249 250 251 252 253 254 255 256 257 258 259 260 261 262 263 264 265 266 267 268 269 270 271 272 273 274 275 276 277 278 279 280 281 282 283 284 285 286 287 288 289 290 291 292 293 294 295 296 297 298 299 300 301 302 303 304 305 306 307 308 309 310 311 312 313 314 315 316 317 318 319 320 321 322 323 324 325 326 327 328 329 330 331 332 333 334 335 336 337 338 339 340 341 342 343 344 345 346 347 348 349 350 351 352 353 354 355 356 357 358 359 360 361 362 363 364 365 366 367 368 369 370 371 372 373 374 375 376 377 378 379 380 381 382 383 384 385 386 387 388 389 390 391 392 393 394 395 396 397 398 399 400 401 402 403 404 405 406 407 408 409 410 411 412 413 414 415 416 417 418 419 420 421 422 423 424 425 426 427 428 429 430 431 432 433 434 435 436 437 438 439 440 441 442 443 444 445 446 447 448 449 450 451 452 453 454 455 456 457 458 459 460 461 462 463 464 465 466 467 468 469 470 471 472 473 474 475 476 477 478 479 480 481 482 483 484 485 486 487 488 489 490 491 492 493 494 495 496 497 498 499 500 501 502 503 504 505 506 507 508 509 510 511 512 513 514 515 516 517 518 519 520 521 522 523 524 525 526 527 528 529 530 531 532 533 534 535 536 537 538 539 540 541 542 543 544 545 546 547 548 549 550 551 552 553 554 555 556 557 558 559 560 561 562 563 564 565 566 567 568 569 570 571 572 573 574 575 576 577 578 579 580 581 582 583 584 585 586 587 588 589 590 591 592 593 594 595 596 597 598 599 600 601 602 603 604 605 606 607 608 609 610 611 612 613 614 615 616 617 618 619 620 621 622 623 624 625 626 627 628 629 630 631 632 633 634 635 636 637 638 639 640 641 642 643 644 645 646 647 648 649 650 651 652 653 654 655 656 657 658 659 660 661 662 663 664 665 666 667 668 669 670 671 672 673 674 675 676 677 678 679 680 681 682 683 684 685 686 687 688 689 690 691 692 693 694 695 696 697 698 699 700 701 702 703 704 705 706 707 708 709 710 711 712 713 714 715 716 717 718 719 720 721 722 723 724 725 726 727 728 729 730 731 732 733 734 735 736 737 738 739 740 741 742 743 744 745 746 747 748 749 750 751 752 753 754 755 756 757 758 759 760 761 762 763 764 765 766 767 768 769 770 771 772 773 774 775 776 777 778 779 780 781 782 783 784 785 786 787 788 789 790 791 792 793 794 795 796 797 798 799 800 801 802 803 804 805 806 807 808 809 810 811 812 813 814 815 816 817 818 819 820 821 822 823 824 825 826 827 828 829 830 831 832 833 834 835 836 837 838 839 840 841 842 843 844 845 846 847 848 849 850 851 852 853 854 855 856 857 858 859 860 861 862 863 864 865 866 867 868 869 870 871 872 873 874 875 876 877 878 879 880 881 882 883 884 885 886 887 888 889 890 891 892 893 894 895 896 897 898 899 900 901 902 903 904 905 906 907 908 909 910 911 912 913 914 915 916 917 918 919 920 921 922 923 924 925 926 927 928 929 930 931 932 933 934 935 936 937 938 939 940 941 942 943 944 945 946 947 948 949 950 951 952 953 954 955 956 957 958 959 960 961 962 963 964 965 966 967 968 969 970 971 972 973 974 975 976 977 978 979 980 981 982 983 984 985 986 987 988 989 990 991 992 993 994 995 996 997 998 999
0 550 311 3 628 627 404
1 832 28 605 774 626 294
2 732 916 195 366 293 153
3 688 46 942 863 761 488
4 967 546 347 804 216 692
5 561 22 831 105 303 825
6 286 784 680 549 276 519
7 930 267 157 854 147 723
8 236 369 166 581 264 2
9 474 405 369 132 772 673
10 507 718 672 276 390 917
11 784 719 333 35 597 604
12 174 723 686 722 517 739
13 590 19 848 850 310 904
14 680 13 919 417 649 751
15 211 902 127 228 638 820
16 664 688 562 411 83 315
17 928 757 679 609 450 931
18 321 317 510 610 810 630
19 171 437 306 844 256 123
20 219 692 885 36 898 450
21 934 20 70 242 43 301
22 608 584 409 167 147 93
23 838 23 530 883 836 520
24 175 144 738 851 624 735
25 468 778 275 257 754 207
26 381 714 125 58 697 77
27 977 695 577 402 969 483
28 988 571 912 94 908 199
29 113 650 842 5 763 707
30 193 595 783 956 974 562
31 985 889 442 397 688 345
32 600 408 545 8 633 603
33 483 700 839 631 117 750
34 311 342 336 136 63 373
35 445 539 399 498 681 275
36 853 507 12 785 665 50
37 835 991 266 384 240 294
38 969 851 755 226 90 320
39 5 395 267 606 377 766
40 390 118 543 211 501 213
41 241 831 546 400 244 257
42 668 450 914 175 715 565
43 971 366 964 143 343 245
44 640 496 958 736 433 365
45 384 832 907 739 341 414
46 581 769 813 361 904 302
47 719 824 741 379 751 14
48 176 433 609 548 112 936
49 343 806 745 229 811 813
50 102 150 494 631 728 972
51 255 666 380 330 395 78
52 629 566 620 9 336 646
53 781 63 978 508 152 296
54 835 51 664 7 590 982
55 647 149 814 367 334 583
56 482 41 560 179 273 997
57 609 264 17 668 723 368
58 116 609 136 295 493 243
59 316 451 460 186 868 511
60 343 34 682 94 842 257
61 790 384 757 436 200 801
62 805 514 347 88 127 773
63 153 176 353 167 468 522
64 352 608 657 278 265 9
65 814 775 600 670 511 277
66 825 317 538 781 22 591
67 469 836 650 661 214 792
68 746 877 527 89 133 868
69 262 583 524 153 564 629
70 211 401 666 532 427 777
71 89 274 592 200 785 944
72 251 206 992 910 641 807
73 298 545 991 618 11 794
74 877 792 649 793 306 615
75 166 392 892 934 103 130
76 484 366 855 389 950 13
77 480 209 671 166 816 562
78 98 505 855 212 177 929
79 371 95 568 380 362 774
80 40 165 949 56 296 727
81 19 248 953 550 582 28
82 642 829 797 75 620 498
83 391 742 413 434 452 915
84 837 112 893 761 451 975
85 678 444 864 303 196 986
86 640 675 288 393 307 595
87 439 653 847 894 41 839
88 396 359 811 499 420 358
89 624 320 833 40 857 715
90 517 741 585 762 347 532
91 100 205 491 354 741 611
92 761 458 642 374 972 636
93 759 243 558 134 690 213
94 558 980 238 240 963 970
95 811 414 389 920 464 987
96 0 120 283 792 552 775
97 808 454 201 839 144 890
98 871 554 316 626 366 725
99 258 959 711 965 423 144
100 614 496 262 885 589 784
101 362 884 272 520 930 67
102 636 862 545 704 997 411
103 992 308 855 4 938 407
104 564 408 92 946 179 140
105 752 193 816 218 241 771
106 130 300 950 932 413 778
107 724 728 958 898 126 402
108 703 330 738 300 389 808
109 385 839 870 447 746 275
110 697 729 186 593 327 712
111 474 318 598 812 11 595
112 18 522 956 193 668 848
113 892 442 979 686 548 572
114 74 817 292 800 589 191
115 744 89 954 859 271 729
116 503 611 808 703 427 33
117 557 655 720 913 229 535
118 590 188 302 553 566 17
119 132 984 275 457 639 835
120 346 11 670 784 138 86
121 918 676 514 989 856 949
122 258 692 46 790 7 817
123 833 102 393 706 800 134
124 927 934 368 196 679 66
125 465 995 631 112 169 752
126 933 896 130 585 269 247
127 339 17 584 465 372 304
128 72 199 68 919 811 18
129 616 138 541 667 922 206
130 582 225 516 659 147 805
131 549 652 246 107 346 131
132 152 881 341 643 840 294
133 75 765 325 682 562 589
134 247 182 573 315 26 362
135 704 60 101 912 485 764
136 171 893 23 166 389 934
137 684 72 183 169 119 108
138 401 430 391 197 110 517
139 784 810 809 164 471 432
140 215 422 789 652 467 175
141 462 564 99 135 367 584
142 714 971 373 224 232 237
143 187 994 149 651 83 287
144 995 304 840 712 862 237
145 95 825 78 562 743 320
146 645 141 399 589 430 629
147 295 661 991 810 145 227
148 166 125 204 866 484 20
149 58 953 414 425 764 678
150 521 316 279 226 755 907
151 610 536 899 922 752 785
152 456 515 186 361 74 343
153 157 719 886 741 382 639
154 122 309 643 955 861 593
155 363 207 309 928 552 709
156 147 829 113 379 735 783
157 348 240 394 343 514 282
158 265 819 941 839 995 898
159 327 210 335 624 454 3
160 943 695 636 493 715 94
161 825 151 985 190 869 759
162 242 294 598 935 12 775
163 114 173 477 203 356 635
164 178 976 824 250 36 165
165 335 8 996 5 909 813
166 107 35 764 175 144 562
167 16 583 642 860 755 452
168 95 99 956 403 440 292
169 696 849 442 924 889 725
170 768 189 566 939 575 42
171 805 319 377 290 391 617
172 55 531 983 885 924 625
173 748 56 929 165 528 572
174 346 234 743 693 445 331
175 504 228 202 32 351 715
176 479 44 402 975 965 663
177 689 934 696 479 317 293
178 206 766 867 831 592 373
179 552 276 81 996 998 584
180 936 573 778 391 275 281
181 745 51 377 863 575 969
182 912 724 255 790 533 394
183 604 13 155 659 207 969
184 909 631 97 252 361 188
185 559 104 848 105 551 86
186 340 901 549 903 759 100
187 110 673 447 961 530 408
188 269 987 100 655 659 880
189 618 879 199 605 878 114
190 877 653 284 316 285 309
191 323 741 349 3 362 354
192 461 46 367 747 725 257
193 390 133 723 817 714 208
194 719 989 375 59 107 298
195 761 603 338 910 825 447
196 936 601 467 576 627 56
197 384 578 707 594 889 533
198 862 923 116 505 263 669
199 857 33 589 997 700 330
200 359 198 342 729 391 881
201 510 595 344 764 873 833
202 264 771 464 876 393 589
203 905 415 295 34 517 663
204 895 322 553 965 678 65
205 982 304 88 463 275 295
206 420 868 581 4 476 370
207 1 775 209 187 449 100
208 433 915 572 877 673 852
209 537 445 540 637 285 245
210 112 673 281 794 967 983
211 833 100 179 623 682 591
212 287 169 590 192 162 992
213 699 846 989 206 689 159
214 9 403 394 851 207 50
215 273 99 742 464 33 594
216 887 969 130 742 82 584
217 494 539 864 381 870 732
218 254 897 537 571 118 790
219 306 741 607 448 781 953
220 309 236 291 81 950 226
221 579 83 631 224 614 660
222 809 590 792 252 243 718
223 203 81 981 3 61 529
224 889 527 811 685 202 569
225 167 959 839 160 900 732
226 667 704 693 637 621 179
227 899 385 999 76 930 236
228 614 368 72 695 121 528
229 732 683 98 972 452 542
230 240 98 138 961 834 155
231 224 447 846 477 34 601
232 104 431 868 160 119 941
233 536 44 407 559 765 401
234 271 223 208 213 585 705
235 595 256 105 679 475 517
236 140 232 165 78 261 606
237 708 21 344 489 410 627
238 131 675 805 896 699 277
239 278 574 251 962 744 524
240 898 486 992 780 32 130
241 724 653 462 296 874 650
242 4 232 462 377 31 200
243 368 399 789 927 929 455
244 820 147 119 620 459 817
245 757 211 761 545 698 398
246 120 963 101 39 586 380
247 868 814 479 742 914 466
248 735 725 125 743 520 710
249 0 655 48 59 10 852
250 437 123 74 311 792 600
251 917 188 51 133 968 455
252 326 358 46 597 441 857
253 132 147 368 370 672 377
254 706 178 473 913 859 791
255 145 912 811 22 275 406
256 115 269 684 432 529 129
257 772 251 898 528 338 363
258 126 803 388 520 528 686
259 393 941 984 818 968 910
260 890 414 648 941 765 578
261 308 275 573 850 145 648
262 212 318 630 116 334 63
263 549 962 363 160 800 534
264 34 23 498 673 651 597
265 653 737 953 387 980 457
266 651 625 682 450 183 64
267 429 297 289 628 899 927
268 523 19 292 962 25 412
269 935 584 868 129 775 21
270 64 941 239 107 476 852
271 659 132 822 697 176 910
272 272 889 797 497 941 980
273 90 279 957 707 406 31
274 346 206 934 834 939 592
275 915 525 719 48 270 908
276 296 934 16 908 608 60
277 357 832 647 968 268 216
278 214 429 742 779 641 687
279 15 18 618 938 885 376
280 828 678 89 958 225 50
281 855 835 347 671 111 300
282 121 92 728 616 837 848
283 16 445 942 616 834 948
284 939 826 142 159 673 946
285 926 212 121 546 684 106
286 676 952 931 685 294 395
287 0 824 993 580 81 463
288 878 923 542 948 83 751
289 337 984 675 135 610 15
290 921 619 969 440 90 845
291 650 301 373 414 658 812
292 419 336 966 451 334 131
293 849 816 658 206 891 653
294 415 457 910 775 606 891
295 906 845 846 651 816 422
296 406 971 400 504 792 429
297 771 95 413 879 817 45
298 973 257 948 211 921 376
299 364 336 238 855 619 660
300 44 91 953 926 48 856
301 386 234 431 542 180 657
302 836 96 797 898 362 608
303 545 649 470 857 33 882
304 996 207 384 46 561 57
305 87 513 897 449 674 913
306 107 279 569 15 211 933
307 588 654 60 579 146 491
308 329 742 597 23 273 527
309 571 770 745 955 314 552
310 405 939 674 679 339 824
311 102 95 766 969 58 531
312 368 747 436 778 563 842
313 7 109 27 812 810 511
314 468 659 280 243 94 434
315 187 581 462 972 970 648
316 646 92 766 877 480 93
317 352 305 991 363 601 73
318 918 495 808 73 199 218
319 755 928 29 464 652 747
320 688 664 377 175 186 101
321 257 116 888 554 46 386
322 207 44 792 111 77 368
323 472 666 465 633 182 841
324 852 25 137 269 708 880
325 123 628 286 416 729 23
326 534 637 882 767 526 272
327 631 130 230 258 383 817
328 440 494 279 644 237 932
329 433 905 420 517 602 578
330 236 38 365 452 521 435
331 273 522 886 395 44 963
332 805 85 762 820 730 446
333 138 615 586 382 421 317
334 243 297 733 952 104 770
335 689 704 685 971 885 372
336 218 832 555 186 575 623
337 121 450 597 97 714 230
338 613 329 820 725 239 849
339 648 426 517 755 81 489
340 578 537 932 663 696 413
341 932 844 451 784 360 922
342 991 882 42 793 643 259
343 973 173 333 268 291 603
344 183 980 134 675 702 857
345 341 525 21 467 36 723
346 433 404 977 945 605 522
347 55 235 375 192 260 141
348 153 499 595 367 204 187
349 187 862 774 292 951 428
350 494 903 201 962 545 337
351 508 55 256 821 177 133
352 29 257 617 128 770 169
353 331 59 585 704 273 374
354 139 607 690 905 561 902
355 819 458 687 281 457 69
356 25 648 924 782 494 278
357 357 293 589 287 164 366
358 794 166 533 919 691 718
359 464 736 10 995 862 869
360 582 553 641 110 779 800
361 521 448 857 999 430 636
362 919 423 636 654 391 535
363 640 773 708 846 383 818
364 322 862 512 447 104 386
365 275 85 334 303 477 106
366 591 579 644 717 139 183
367 849 296 128 65 272 798
368 31 515 935 253 43 870
369 676 71 122 267 585 389
370 347 475 800 207 335 411
371 787 93 615 443 488 907
372 30 645 578 902 642 469
373 697 783 889 896 760 361
374 459 922 747 253 396 654
375 561 906 560 20 940 430
376 710 418 894 123 706 118
377 608 545 521 665 748 46
378 400 947 40 247 2 610
379 217 690 878 66 918 694
380 408 587 516 934 151 638
381 559 756 935 855 323 614
382 749 103 933 278 519 511
383 236 542 941 230 487 381
384 335 507 592 969 573 779
385 545 63 157 588 646 623
386 118 227 464 145 551 67
387 655 825 658 604 117 739
388 733 435 571 958 128 81
389 16 621 326 821 753 904
390 979 417 352 835 404 391
391 596 91 442 502 487 841
392 22 109 466 190 531 475
393 474 163 735 272 944 517
394 766 505 453 443 950 769
395 720 127 989 671 101 917
396 639 295 998 457 410 213
397 815 172 573 562 230 746
398 202 494 732 27 987 746
399 909 451 440 28 37 314
400 798 511 921 474 720 141
401 586 50 642 433 107 189
402 842 129 897 573 409 203
403 826 906 683 685 16 670
404 538 406 208 465 893 390
405 359 111 630 574 813 968
406 244 47 858 151 216 217
407 761 482 834 883 758 862
408 540 979 252 396 92 828
409 427 738 967 313 485 283
410 835 767 354 959 743 915
411 46 673 799 562 551 265
412 90 949 668 767 905 664
413 639 356 423 166 77 202
414 904 295 212 851 254 160
415 927 928 117 882 926 126
416 810 836 765 126 496 594
417 951 937 816 326 780 762
418 425 740 107 38 680 52
419 842 810 443 940 718 9
420 720 910 459 155 283 595
421 469 487 743 574 612 183
422 854 489 147 55 648 516
423 152 451 685 486 217 365
424 967 512 258 237 174 92
425 857 416 836 972 818 878
426 269 623 876 145 77 310
427 16 344 330 0 451 883
428 98 164 191 287 975 230
429 291 866 657 23 621 195
430 227 80 351 723 160 253
431 167 876 304 888 179 354
432 185 276 374 611 408 473
433 343 820 228 948 188 951
434 978 70 385 809 565 115
435 325 769 347 627 490 81
436 407 200 613 908 505 712
437 515 258 798 57 202 871
438 456 530 586 570 52 53
439 148 38 798 105 34 987
440 624 725 590 396 92 666
441 476 300 833 288 377 571
442 388 445 144 107 501 138
443 732 111 542 745 646 520
444 544 900 376 885 255 420
445 825 159 789 727 111 248
446 572 666 882 496 346 193
447 208 776 446 877 388 819
448 292 961 659 877 948 57
449 723 398 960 876 681 614
450 991 887 160 120 632 285
451 752 961 944 984 741 323
452 547 714 132 177 95 347
453 825 150 574 992 50 431
454 53 942 237 903 204 448
455 787 906 637 594 831 784
456 935 76 519 209 385 70
457 16 428 590 485 977 99
458 736 977 819 608 6 970
459 572 273 579 154 624 390
460 421 180 564 399 149 636
461 986 342 255 717 718 157
462 565 972 215 660 785 109
463 798 65 545 383 795 102
464 497 893 202 300 439 592
465 193 13 506 202 402 558
466 151 298 175 556 827 981
467 793 693 361 869 97 176
468 763 868 692 626 281 505
469 840 29 272 433 9 150
470 608 759 31 648 225 48
471 136 201 773 509 537 41
472 718 397 8 348 781 113
473 968 687 291 796 945 646
474 307 674 823 380 603 785
475 586 269 22 209 450 830
476 875 438 758 935 529 787
477 663 485 257 138 422 926
478 723 96 64 603 414 574
479 846 41 60 482 751 798
480 201 956 431 90 317 888
481 864 133 836 12 316 669
482 249 753 157 970 968 425
483 69 312 910 318 511 266
484 322 578 727 907 70 240
485 129 102 216 739 764 666
486 172 299 650 859 653 697
487 732 52 947 954 592 944
488 819 956 237 415 193 331
489 825 293 218 717 231 745
490 746 954 152 228 574 57
491 627 195 452 957 534 469
492 108 409 562 680 314 719
493 778 962 717 301 973 43
494 508 672 614 549 740 262
495 552 803 528 339 370 923
496 900 834 285 156 608 192
497 34 891 865 974 961 403
498 282 479 926 688 746 908
499 591 784 399 583 45 781
500 569 688 186 446 865 347
501 868 731 478 65 81 171
502 953 625 558 430 196 674
503 614 255 315 846 169 204
504 691 202 237 601 449 675
505 912 804 116 295 622 787
506 746 568 735 937 697 684
507 6 19 116 446 901 711
508 155 94 430 334 750 926
509 885 519 985 432 994 174
510 314 81 845 695 896 319
511 784 904 457 413 482 201
512 259 2 495 4 840 96
513 896 158 67 369 902 288
514 645 217 285 927 172 99
515 611 718 876 118 10 1
516 708 270 691 764 570 961
517 212 678 981 430 525 640
518 727 691 324 286 599 78
519 445 751 984 840 312 48
520 983 346 184 422 343 171
521 493 685 781 179 798 165
522 253 544 490 569 836 540
523 324 333 835 599 575 507
524 991 168 742 636 338 954
525 787 612 491 873 940 176
526 148 331 957 500 936 114
527 630 798 595 262 808 543
528 511 224 8 130 534 737
529 970 485 626 648 390 940
530 936 343 82 109 897 439
531 555 585 110 379 797 348
532 223 226 943 344 586 290
533 774 296 447 558 747 928
534 74 981 861 231 80 900
535 580 302 706 159 72 289
536 791 587 148 776 510 806
537 568 93 762 884 449 127
538 556 337 503 804 590 75
539 898 87 850 671 672 767
540 766 157 689 822 383 210
541 928 181 277 910 187 126
542 120 531 71 943 667 294
543 940 203 271 635 183 369
544 598 696 779 801 315 952
545 996 838 649 377 186 970
546 795 864 699 565 709 236
547 687 733 506 194 816 336
548 450 35 97 442 607 108
549 272 54 848 402 127 476
550 427 161 6 531 691 684
551 283 417 781 789 130 585
552 836 127 229 904 559 568
553 129 544 352 465 529 917
554 690 123 628 847 684 143
555 270 762 208 34 963 362
556 351 101 417 280 821 867
557 242 100 354 346 844 149
558 551 593 51 670 828 426
559 79 288 841 209 364 677
560 20 603 954 361 511 937
561 785 779 281 922 244 313
562 57 419 972 660 937 570
563 859 676 512 575 194 482
564 566 915 255 932 633 628
565 967 144 965 571 54 576
566 133 540 974 592 373 324
567 95 862 284 426 467 828
568 379 722 302 529 11 183
569 676 836 915 105 435 39
570 361 80 38 29 231 766
571 185 192 990 162 466 204
572 946 571 999 605 855 649
573 282 837 548 620 288 16
574 829 370 696 679 79 556
575 484 108 242 214 881 795
576 785 215 573 354 48 265
577 427 449 887 23 848 262
578 6 975 67 188 723 204
579 491 416 948 125 105 153
580 718 174 388 644 681 920
581 397 699 598 469 619 118
582 727 987 216 206 508 798
583 930 334 455 169 599 641
584 335 357 50 813 120 300
585 767 34 829 154 105 492
586 163 465 961 192 105 184
587 512 626 577 24 703 202
588 947 409 805 16 820 152
589 901 791 6 414 794 333
590 806 260 880 273 502 622
591 691 532 324 80 491 207
592 181 738 371 81 740 349
593 717 86 110 811 916 670
594 34 506 815 739 424 366
595 289 179 328 76 487 335
596 219 596 133 84 605 626
597 668 511 49 488 461 0
598 617 103 79 237 229 325
599 179 847 817 722 137 483
600 691 134 295 576 17 129
601 722 337 262 261 632 518
602 612 280 855 577 596 486
603 290 62 476 253 505 766
604 622 795 371 409 114 840
605 334 567 457 717 537 374
606 129 30 913 397 626 599
607 71 650 52 153 565 796
608 859 304 273 761 968 213
609 9 356 544 763 205 431
610 637 834 479 153 349 636
611 156 748 848 687 853 610
612 765 145 465 18 456 682
613 381 266 698 634 36 601
614 478 5 646 590 419 510
615 764 155 944 882 567 811
616 721 616 553 443 965 217
617 386 868 483 675 385 360
618 552 220 340 388 439 450
619 726 488 137 36 334 578
620 491 789 42 929 622 451
621 335 54 340 950 314 478
622 746 503 507 208 330 557
623 305 327 619 289 33 960
624 183 640 870 601 368 401
625 776 175 644 598 843 955
626 268 52 639 778 870 345
627 668 866 409 490 440 297
628 316 987 32 318 400 800
629 373 846 797 716 147 584
630 747 547 42 540 290 228
631 667 643 226 833 221 536
632 626 183 775 264 97 777
633 142 360 465 679 388 810
634 101 793 588 192 731 749
635 760 281 567 732 512 279
636 280 487 249 52 918 886
637 999 539 352 385 285 268
638 93 189 299 310 834 468
639 14 418 831 144 897 468
640 402 130 827 56 57 539
641 902 301 509 78 62 259
642 719 360 80 899 227 480
643 228 303 200 727 681 62
644 256 923 917 885 515 114
645 487 418 306 521 949 970
646 267 706 658 218 465 950
647 351 618 420 150 468 49
648 157 713 709 459 85 785
649 868 890 327 888 173 553
650 595 829 474 102 48 924
651 709 628 86 539 727 255
652 98 116 735 483 774 593
653 618 852 425 745 744 646
654 514 135 811 485 447 737
655 401 227 72 809 546 182
656 234 216 664 799 966 354
657 72 680 151 496 886 350
658 993 544 173 372 277 830
659 72 976 456 990 653 832
660 756 32 761 868 273 763
661 162 643 602 834 947 564
662 313 775 988 736 644 874
663 133 142 100 567 315 593
664 232 526 480 539 441 927
665 303 198 990 33 553 370
666 192 665 63 582 652 904
667 455 295 879 472 785 606
668 387 69 467 187 752 839
669 420 988 228 582 730 750
670 596 768 876 291 102 807
671 837 558 463 711 190 251
672 772 15 98 458 617 875
673 59 263 962 394 496 995
674 202 0 789 243 1 815
675 681 990 828 142 218 204
676 489 873 546 526 553 515
677 865 231 384 679 573 53
678 327 29 176 774 317 338
679 374 556 118 618 765 625
680 683 320 551 873 131 878
681 620 236 409 587 877 637
682 682 789 447 162 48 957
683 977 762 134 133 387 972
684 163 206 424 673 981 836
685 699 420 345 85 140 187
686 623 233 47 355 961 682
687 679 789 795 18 99 663
688 953 793 441 562 810 87
689 45 774 810 343 777 448
690 396 222 507 424 362 242
691 624 820 666 786 386 220
692 252 59 299 175 812 730
693 99 627 19 298 925 537
694 504 677 792 410 393 283
695 624 819 308 30 893 367
696 915 686 616 358 237 408
697 707 6 547 518 111 893
698 848 429 69 869 689 59
699 967 160 295 439 187 606
700 696 522 268 607 86 549
701 739 401 328 967 117 584
702 320 513 28 781 45 94
703 747 405 154 610 365 897
704 823 274 204 764 581 736
705 122 445 562 642 517 924
706 607 103 502 605 942 826
707 723 21 56 588 773 690
708 400 133 77 50 437 52
709 645 183 762 293 10 761
710 180 832 675 717 424 366
711 131 926 659 841 766 681
712 517 737 689 680 86 842
713 741 91 96 371 708 580
714 507 619 432 820 4 134
715 496 658 659 798 639 525
716 290 364 168 978 735 69
717 417 376 729 67 630 954
718 539 788 828 909 241 977
719 296 778 226 713 109 468
720 699 156 28 583 881 968
721 184 293 498 242 977 638
722 219 897 380 914 835 650
723 352 730 852 410 978 380
724 848 987 616 275 740 922
725 668 574 663 521 929 535
726 745 488 359 408 994 43
727 135 846 897 771 865 467
728 28 545 124 462 77 703
729 395 831 820 926 803 688
730 308 195 793 700 975 839
731 809 828 202 725 389 10
732 683 277 453 26 495 409
733 745 92 733 27 981 285
734 497 726 265 375 50 291
735 490 151 971 953 920 66
736 775 19 770 653 903 312
737 688 335 670 24 227 530
738 550 691 88 598 178 225
739 24 972 341 659 238 954
740 923 934 138 742 4 619
741 569 340 268 372 618 455
742 514 75 8 225 113 167
743 897 722 385 203 844 578
744 928 722 586 22 41 459
745 73 473 4 734 861 935
746 920 453 964 772 296 529
747 122 796 724 225 142 335
748 898 731 976 823 418 282
749 284 833 643 783 461 335
750 408 930 91 69 559 961
751 61 421 58 969 465 19
752 319 555 434 563 372 884
753 155 297 701 905 441 106
754 325 792 66 781 360 435
755 276 337 478 113 63 278
756 314 164 860 370 567 582
757 652 130 533 257 730 926
758 360 854 511 869 14 174
759 670 866 488 210 345 443
760 265 500 200 284 0 142
761 142 123 431 962 973 633
762 581 907 294 224 137 679
763 722 655 488 407 56 443
764 75 250 570 38 116 945
765 26 539 882 901 292 651
766 161 64 771 172 14 707
767 882 656 702 262 65 467
768 918 342 834 167 30 942
769 223 728 306 248 419 348
770 232 424 822 979 827 124
771 250 686 472 811 47 736
772 676 509 984 427 800 124
773 993 328 996 389 728 955
774 880 939 792 538 503 262
775 625 592 484 955 369 23
776 990 723 750 647 772 833
777 183 780 964 588 13 231
778 64 328 786 236 105 301
779 401 75 344 407 429 363
780 734 967 116 528 313 789
781 414 579 101 685 933 70
782 665 265 607 26 664 315
783 713 435 565 219 653 755
784 291 356 692 110 813 981
785 927 613 92 225 852 806
786 828 862 522 999 517 940
787 26 107 238 131 246 987
788 866 871 349 913 110 452
789 837 922 30 610 296 835
790 368 146 441 232 428 485
791 304 676 973 783 383 713
792 930 314 544 366 941 207
793 63 747 669 133 51 550
794 452 495 556 622 735 613
795 641 739 417 532 645 633
796 723 639 808 442 304 350
797 857 131 649 452 411 544
798 413 523 61 337 965 716
799 987 980 581 102 432 254
800 966 125 816 167 540 843
801 686 202 843 408 413 813
802 935 857 147 902 678 431
803 256 856 529 871 166 625
804 139 446 109 290 832 839
805 975 927 198 971 745 37
806 535 564 827 802 488 158
807 203 726 472 773 27 764
808 330 92 617 284 358 241
809 222 356 326 823 404 681
810 740 231 501 353 419 905
811 717 692 331 885 343 264
812 934 265 169 238 678 609
813 687 793 447 243 921 151
814 989 664 565 447 760 449
815 253 741 266 235 560 678
816 348 28 151 947 470 439
817 154 452 304 844 415 74
818 97 654 889 497 4 829
819 28 663 533 335 640 665
820 830 177 36 121 718 95
821 894 357 189 210 501 713
822 652 699 263 159 942 98
823 166 270 883 848 12 694
824 247 727 607 83 258 626
825 489 924 107 85 12 918
826 289 99 9 970 664 106
827 390 584 530 491 226 129
828 657 311 352 500 976 498
829 27 84 683 537 263 598
830 372 114 186 154 457 254
831 149 820 995 625 321 14
832 889 712 392 420 575 414
833 645 882 532 766 87 160
834 828 405 686 186 173 40
835 521 593 535 293 336 769
836 961 16 809 480 371 610
837 123 9 330 753 249 645
838 431 340 541 416 682 423
839 669 25 631 47 817 36
840 175 968 869 417 792 538
841 248 965 176 282 554 566
842 813 180 517 746 86 557
843 808 207 115 916 188 311
844 810 211 823 813 130 103
845 670 213 782 278 940 526
846 900 261 771 925 75 326
847 370 902 745 886 997 663
848 570 533 456 819 311 683
849 571 428 958 814 102 166
850 260 698 936 761 0 900
851 1 357 691 254 277 399
852 632 820 467 109 359 804
853 152 778 267 658 530 394
854 113 711 261 233 174 393
855 135 217 102 392 329 186
856 24 670 61 708 687 323
857 958 29 670 40 581 414
858 863 285 320 190 840 668
859 993 428 486 75 534 445
860 930 102 998 411 57 494
861 238 773 971 90 154 977
862 498 973 588 368 585 819
863 772 610 707 566 300 594
864 838 240 781 835 28 820
865 767 358 191 344 298 476
866 153 837 148 656 387 908
867 545 37 354 853 454 425
868 646 388 434 292 349 346
869 761 87 956 340 585 507
870 674 245 767 399 564 332
871 295 606 276 644 561 327
872 38 556 901 818 212 383
873 169 547 778 142 192 509
874 723 323 458 297 385 914
875 415 549 572 837 963 89
876 432 370 750 733 881 389
877 225 192 696 864 67 977
878 922 24 693 977 151 961
879 350 334 441 988 508 721
880 13 271 405 732 702 337
881 238 65 638 595 420 129
882 544 558 987 825 750 337
883 399 922 702 515 108 353
884 413 111 576 797 392 125
885 57 89 119 701 829 282
886 597 404 258 663 585 423
887 482 670 964 249 210 271
888 185 859 905 647 393 794
889 283 77 606 832 761 454
890 365 470 445 143 926 33
891 256 923 13 549 177 623
892 955 634 633 652 331 720
893 609 881 853 261 812 903
894 485 838 276 859 67 53
895 907 395 62 419 517 498
896 913 955 387 986 921 787
897 881 11 923 215 498 212
898 970 465 467 19 408 385
899 187 817 97 721 500 123
900 888 204 876 582 356 224
901 813 383 769 811 866 215
902 389 962 320 59 652 776
903 347 213 237 32 114 338
904 740 746 154 508 178 884
905 291 471 33 102 229 125
906 476 673 414 516 604 502
907 279 347 508 794 86 227
908 726 691 61 683 884 705
909 870 785 930 274 124 901
910 691 174 104 136 521 37
911 941 668 814 727 583 8
912 115 645 425 93 157 87
913 488 124 972 295 185 173
914 941 8 545 702 11 137
915 628 596 63 483 251 786
916 73 641 735 754 955 11
917 342 416 714 724 184 597
918 289 482 440 942 846 191
919 169 379 774 526 85 231
920 957 271 716 446 170 367
921 625 610 932 764 19 864
922 875 301 363 671 857 867
923 295 22 781 644 50 127
924 25 162 580 732 407 569
925 880 276 586 646 162 676
926 246 763 358 811 198 29
927 414 456 157 25 542 124
928 405 526 116 244 519 520
929 787 449 50 658 529 559
930 453 923 375 607 493 879
931 196 231 634 27 602 812
932 636 953 718 735 271 309
933 517 711 259 352 651 457
934 628 714 818 277 279 399
935 690 651 709 627 639 566
936 790 182 523 309 162 999
937 592 243 740 220 570 976
938 572 792 960 871 258 123
939 578 634 586 758 59 684
940 27 776 782 887 996 200
941 671 221 289 864 291 744
942 323 620 427 797 272 791
943 93 758 158 890 412 445
944 883 154 527 57 409 926
945 261 570 925 460 430 441
946 545 519 854 997 855 251
947 394 689 26 793 620 535
948 279 703 975 994 926 209
949 931 117 31 960 951 921
950 466 800 983 956 427 173
951 447 601 430 236 621 669
952 833 817 90 448 925 376
953 630 567 960 873 613 2
954 618 291 929 962 416 861
955 822 408 650 342 683 602
956 881 148 907 991 875 253
957 494 201 560 607 670 996
958 858 611 943 49 951 488
959 712 753 937 970 367 141
960 648 639 856 880 647 724
961 735 504 255 581 864 847
962 487 419 565 683 991 152
963 871 155 672 434 42 12
964 483 915 801 659 971 524
965 203 283 423 273 935 310
966 972 288 837 408 711 682
967 164 303 860 468 187 440
968 630 150 172 851 462 310
969 782 80 717 359 323 734
970 177 588 989 782 927 790
971 259 327 241 131 233 687
972 297 545 957 665 419 669
973 752 595 88 677 960 10
974 990 198 954 501 64 98
975 873 738 851 92 55 456
976 848 3 123 70 563 187
977 410 119 712 386 690 185
978 590 168 137 819 391 874
979 385 277 856 314 19 408
980 419 331 3 195 838 149
981 978 954 469 872 834 497
982 298 248 578 43 687 889
983 294 814 672 606 979 610
984 261 720 202 907 872 486
985 890 365 487 229 182 196
986 909 216 330 343 601 995
987 437 134 176 439 402 587
988 222 629 338 288 477 944
989 923 547 66 67 578 112
990 929 123 923 454 209 402
991 435 564 794 38 494 598
992 433 900 582 65 41 855
993 751 307 591 116 654 687
994 193 520 681 989 21 484
995 893 117 525 209 67 248
996 676 541 440 650 620 549
997 694 102 303 975 32 962
998 343 719 45 305 731 491
999 535 363 621 442 897 145