0 1 2 3 4 5 6 7 8 9 10 11 12 13 14 15 16 17 18 19 20 21 22 23 24 25 26 27 28 29 30 31 32 33 34 35 36 37 38 39 40 41 42 43 44 45 46 47 48 49 50 51 52 53 54 55 56 57 58 59 60 61 62 63 64 65 66 67 68 69 70 71 72 73 74 75 76 77 78 79 80 81 82 83 84 85 86 87 88 89 90 91 92 93 94 95 96 97 98 99 100 101 102 103 104 105 106 107 108 109 110 111 112 113 114 115 116 117 118 119 120 121 122 123 124 125 126 127 128 129 130 131 132 133 134 135 136 137 138 139 140 141 142 143 144 145 146 147 148 149 150 151 152 153 154 155 156 157 158 159 160 161 162 163 164 165 166 167 168 169 170 171 172 173 174 175 176 177 178 179 180 181 182 183 184 185 186 187 188 189 190 191 192 193 194 195 196 197 198 199 200 201 202 203 204 205 206 207 208 209 210 211 212 213 214 215 216 217 218 219 220 221 222 223 224 225 226 227 228 229 230 231 232 233 234 235 236 237 238 239 240 241 242 243 244 245 246 247 248 249 250 251 252 253 254 255 256 257 258 259 260 261 262 263 264 265 266 267 268 269 270 271 272 273 274 275 276 277 278 279 280 281 282 283 284 285 286 287 288 289 290 291 292 293 294 295 296 297 298 299 300 301 302 303 304 305 306 307 308 309 310 311 312 313 314 315 316 317 318 319 320 321 322 323 324 325 326 327 328 329 330 331 332 333 334 335 336 337 338 339 340 341 342 343 344 345 346 347 348 349 350 351 352 353 354 355 356 357 358 359 360 361 362 363 364 365 366 367 368 369 370 371 372 373 374 375 376 377 378 379 380 381 382 383 384 385 386 387 388 389 390 391 392 393 394 395 396 397 398 399 400 401 402 403 404 405 406 407 408 409 410 411 412 413 414 415 416 417 418 419 420 421 422 423 424 425 426 427 428 429 430 431 432 433 434 435 436 437 438 439 440 441 442 443 444 445 446 447 448 449 450 451 452 453 454 455 456 457 458 459 460 461 462 463 464 465 466 467 468 469 470 471 472 473 474 475 476 477 478 479 480 481 482 483 484 485 486 487 488 489 490 491 492 493 494 495 496 497 498 499 500 501 502 503 504 505 506 507 508 509 510 511 512 513 514 515 516 517 518 519 520 521 522 523 524 525 526 527 528 529 530 531 532 533 534 535 536 537 538 539 540 541 542 543 544 545 546 547 548 549 550 551 552 553 554 555 556 557 558 559 560 561 562 563 564 565 566 567 568 569 570 571 572 573 574 575 576 577 578 579 580 581 582 583 584 585 586 587 588 589 590 591 592 593 594 595 596 597 598 599 600 601 602 603 604 605 606 607 608 609 610 611 612 613 614 615 616 617 618 619 620 621 622 623 624 625 626 627 628 629 630 631 632 633 634 635 636 637 638 639 640 641 642 643 644 645 646 647 648 649 650 651 652 653 654 655 656 657 658 659 660 661 662 663 664 665 666 667 668 669 670 671 672 673 674 675 676 677 678 679 680 681 682 683 684 685 686 687 688 689 690 691 692 693 694 695 696 697 698 699 700 701 702 703 704 705 706 707 708 709 710 711 712 713 714 715 716 717 718 719 720 721 722 723 724 725 726 727 728 729 730 731 732 733 734 735 736 737 738 739 740 741 742 743 744 745 746 747 748 749 750 751 752 753 754 755 756 757 758 759 760 761 762 763 764 765 766 767 768 769 770 771 772 773 774 775 776 777 778 779 780 781 782 783 784 785 786 787 788 789 790 791 792 793 794 795 796 797 798 799 800 801 802 803 804 805 806 807 808 809 810 811 812 813 814 815 816 817 818 819 820 821 822 823 824 825 826 827 828 829 830 831 832 833 834 835 836 837 838 839 840 841 842 843 844 845 846 847 848 849 850 851 852 853 854 855 856 857 858 859 860 861 862 863 864 865 866 867 868 869 870 871 872 873 874 875 876 877 878 879 880 881 882 883 884 885 886 887 888 889 890 891 892 893 894 895 896 897 898 899 900 901 902 903 904 905 906 907 908 909 910 911 912 913 914 915 916 917 918 919 920 921 922 923 924 925 926 927 928 929 930 931 932 933 934 935 936 937 938 939 940 941 942 943 944 945 946 947 948 949 950 951 952 953 954 955 956 957 958 959 960 961 962 963 964 965 966 967 968 969 970 971 972 973 974 975 976 977 978 979 980 981 982 983 984 985 986 987 988 989 990 991 992 993 994 995 996 997 998 999
0 237 734 639 921 642 738
1 243 874 790 831 448 205
2 151 639 985 783 6 930
3 159 717 399 538 651 11
4 572 344 616 725 304 388
5 560 81 211 379 778 420
6 864 623 254 25 767 888
7 45 792 97 783 548 611
8 61 902 63 840 937 428
9 622 350 65 176 655 387
10 74 910 242 556 373 567
11 393 940 238 764 453 648
12 645 320 800 900 729 303
13 830 688 3 962 702 617
14 661 381 845 748 762 935
15 774 197 100 884 211 789
16 367 287 302 954 269 181
17 470 201 979 750 473 463
18 69 71 610 10 556 102
19 324 763 381 293 989 832
20 74 84 894 891 934 522
21 186 123 354 876 302 955
22 128 479 151 801 707 134
23 668 821 881 555 944 230
24 185 973 303 911 851 877
25 154 104 512 517 886 389
26 612 333 685 965 615 292
27 363 237 41 693 492 313
28 500 658 626 191 711 562
29 368 667 462 6 538 947
30 890 144 830 418 326 922
31 83 572 137 229 367 509
32 998 492 617 895 206 296
33 181 426 152 197 285 378
34 514 920 588 892 220 955
35 495 930 357 263 311 219
36 237 208 936 32 312 857
37 203 378 912 582 125 358
38 229 916 347 106 454 713
39 719 860 516 236 251 890
40 137 178 665 814 998 506
41 938 285 99 914 246 879
42 754 733 854 584 342 862
43 837 505 612 32 835 845
44 38 698 862 443 202 581
45 693 380 642 795 458 707
46 121 281 7 983 990 559
47 946 717 654 473 313 439
48 618 139 573 210 593 739
49 353 782 288 78 53 719
50 289 697 241 342 553 925
51 27 979 159 357 383 859
52 57 580 847 330 193 206
53 695 738 25 995 522 644
54 170 606 709 997 614 326
55 170 787 745 95 325 305
56 929 790 427 235 598 777
57 835 406 858 440 674 822
58 567 101 761 598 380 612
59 382 613 816 722 737 747
60 209 215 95 667 996 787
61 711 619 975 572 584 400
62 69 789 638 223 800 86
63 988 631 794 977 600 981
64 699 722 886 931 599 504
65 63 735 707 915 746 866
66 661 807 977 912 687 517
67 181 779 854 983 464 327
68 925 512 252 289 191 1
69 251 427 569 518 984 981
70 844 644 93 281 154 654
71 482 410 751 620 538 808
72 239 68 229 212 646 945
73 223 180 833 893 427 285
74 800 275 325 581 287 775
75 339 652 231 305 880 23
76 141 312 380 148 430 865
77 222 394 32 71 159 620
78 253 701 526 522 900 654
79 614 24 135 715 323 971
80 414 589 827 106 661 201
81 585 738 429 620 568 708
82 19 91 557 528 259 220
83 909 338 331 400 980 881
84 713 330 676 407 953 28
85 13 320 449 52 494 256
86 112 36 496 897 254 158
87 346 113 18 996 467 255
88 322 979 422 242 102 570
89 447 207 535 686 858 218
90 771 134 10 327 20 691
91 64 548 864 896 77 796
92 436 828 501 811 300 530
93 432 277 274 15 552 925
94 911 637 687 664 850 158
95 892 870 250 701 390 922
96 913 394 822 384 953 139
97 949 34 477 445 892 19
98 784 742 484 280 373 966
99 953 264 752 898 819 747
100 323 733 743 413 647 358
101 889 342 69 778 33 45
102 625 429 866 365 183 815
103 305 516 972 327 830 103
104 995 207 247 370 584 144
105 731 273 389 386 368 212
106 29 148 340 133 761 34
107 886 687 757 331 220 212
108 250 578 538 10 472 428
109 134 465 141 200 46 507
110 991 767 506 877 598 610
111 548 902 865 429 60 7
112 503 726 210 853 440 911
113 979 927 262 137 407 534
114 581 47 276 976 841 918
115 45 757 985 928 153 221
116 321 843 464 39 680 49
117 764 404 40 11 990 41
118 330 564 816 253 763 882
119 881 174 59 187 987 967
120 754 676 945 283 810 687
121 79 149 172 629 489 461
122 380 713 721 640 310 651
123 233 88 423 54 642 158
124 565 71 432 596 493 333
125 495 180 994 748 552 386
126 381 564 842 750 933 235
127 951 655 589 352 214 923
128 879 987 528 741 295 220
129 112 924 224 951 51 158
130 937 352 525 638 725 395
131 110 129 597 55 181 82
132 661 781 766 866 91 287
133 321 536 303 439 942 927
134 316 250 139 309 503 312
135 387 516 639 981 277 896
136 916 832 507 20 809 41
137 206 423 500 710 837 5
138 48 646 964 950 536 981
139 754 317 637 645 504 73
140 623 549 346 512 65 628
141 18 90 96 235 983 231
142 685 950 755 819 64 664
143 154 34 670 323 567 458
144 536 420 754 951 873 784
145 61 176 53 541 995 174
146 821 217 713 204 510 897
147 537 409 367 294 557 872
148 131 367 553 728 497 456
149 1 917 725 457 282 121
150 433 260 290 106 525 556
151 212 398 763 198 992 124
152 558 244 94 954 230 147
153 136 396 379 310 336 418
154 682 683 214 874 353 767
155 309 214 12 563 888 413
156 523 96 145 282 791 983
157 433 964 141 29 57 306
158 547 158 846 877 705 352
159 702 71 687 983 736 128
160 55 547 952 795 428 783
161 702 461 812 213 793 688
162 624 469 387 716 206 453
163 472 951 557 74 263 64
164 686 336 444 79 912 877
165 464 851 166 482 36 281
166 201 978 651 324 293 568
167 566 387 633 392 809 899
168 522 474 607 408 756 340
169 300 887 36 722 582 683
170 341 863 192 795 819 633
171 422 811 948 179 272 938
172 164 877 892 38 661 995
173 489 959 51 234 430 525
174 176 649 162 255 111 512
175 316 284 399 620 24 762
176 68 627 529 241 384 885
177 786 709 750 15 849 187
178 219 803 539 345 952 809
179 403 729 257 130 23 31
180 461 549 998 725 479 769
181 609 898 800 129 115 341
182 637 852 697 860 185 30
183 172 113 81 606 986 74
184 374 12 818 652 279 32
185 841 909 212 103 637 333
186 320 207 848 732 120 370
187 628 825 77 396 198 608
188 801 760 650 111 118 837
189 51 825 394 811 319 662
190 352 969 711 256 965 552
191 406 415 35 720 698 57
192 115 958 389 888 489 158
193 361 979 680 506 863 801
194 583 558 450 859 279 637
195 209 27 884 221 833 512
196 364 274 290 659 608 226
197 419 476 976 726 866 626
198 5 282 702 294 940 714
199 682 478 709 884 53 279
200 40 334 414 94 603 637
201 987 511 888 161 280 760
202 132 990 983 755 901 307
203 870 148 315 747 658 508
204 345 913 636 395 158 284
205 302 656 393 477 711 289
206 379 300 489 213 179 660
207 312 369 38 968 799 218
208 148 214 509 725 226 630
209 134 624 273 869 618 642
210 281 889 862 108 370 579
211 562 184 261 773 334 949
212 77 160 473 912 802 3
213 874 145 72 967 88 106
214 925 905 870 444 673 579
215 814 649 996 377 102 374
216 944 504 162 559 305 164
217 654 392 775 396 85 306
218 697 788 24 817 529 879
219 374 553 425 953 820 719
220 503 882 397 383 853 859
221 386 135 311 488 724 61
222 175 893 785 599 147 396
223 163 284 602 498 485 619
224 161 267 438 199 792 694
225 540 660 364 597 800 393
226 97 475 989 917 336 902
227 430 493 959 501 561 621
228 202 109 786 128 92 289
229 946 638 533 919 907 974
230 808 183 102 942 571 198
231 256 764 172 743 31 500
232 430 772 97 310 605 617
233 201 253 470 610 447 543
234 445 576 866 894 405 236
235 987 222 634 518 230 9
236 455 603 25 300 425 112
237 292 976 648 891 369 226
238 330 985 464 746 959 627
239 274 796 515 482 632 585
240 147 239 521 211 899 136
241 494 702 867 792 156 16
242 9 651 97 326 38 649
243 541 51 319 330 26 122
244 458 817 888 692 694 231
245 148 300 553 563 678 15
246 402 253 307 653 952 134
247 551 507 58 238 943 520
248 576 657 68 289 179 795
249 559 287 791 629 608 942
250 427 625 746 696 197 86
251 627 393 280 645 796 391
252 322 549 719 533 540 405
253 522 621 710 796 106 514
254 871 900 478 572 510 192
255 639 376 888 315 599 984
256 313 365 988 91 189 401
257 940 437 537 850 485 699
258 580 534 286 787 695 579
259 711 380 765 861 377 405
260 374 659 292 332 289 414
261 974 616 47 466 451 769
262 910 340 660 335 979 896
263 657 108 469 462 795 150
264 96 683 539 289 470 477
265 625 610 557 700 441 196
266 276 614 971 399 671 880
267 798 47 540 807 331 827
268 176 684 442 805 640 965
269 831 743 816 268 715 97
270 409 735 559 976 686 723
271 967 545 960 367 287 635
272 968 126 591 249 721 129
273 702 363 840 413 166 766
274 717 986 36 561 107 923
275 417 862 908 275 183 760
276 637 361 727 617 939 756
277 620 360 964 213 640 683
278 883 392 750 160 523 840
279 357 174 308 346 480 82
280 837 918 524 474 670 791
281 870 850 437 972 927 195
282 240 185 456 567 290 574
283 890 28 331 176 873 737
284 911 672 816 185 918 990
285 46 369 148 195 349 713
286 432 257 115 710 735 901
287 241 524 179 209 417 326
288 434 602 414 486 527 266
289 283 948 270 837 411 670
290 477 543 15 466 603 205
291 710 639 719 397 223 286
292 942 993 879 293 71 855
293 654 500 279 194 87 317
294 523 737 453 18 474 897
295 635 880 433 160 410 458
296 212 547 643 658 37 297
297 356 696 128 559 518 711
298 708 365 169 619 58 166
299 466 25 212 572 716 323
300 587 367 469 932 476 369
301 396 993 769 92 470 182
302 768 561 962 228 501 521
303 417 27 619 524 849 798
304 848 782 274 537 744 750
305 226 980 198 739 835 370
306 177 351 457 647 371 656
307 84 707 414 453 934 461
308 361 739 33 934 90 634
309 234 310 129 674 304 11
310 764 347 554 626 305 415
311 309 316 960 240 355 454
312 404 42 569 592 323 160
313 73 420 802 210 905 166
314 451 908 417 698 321 944
315 255 538 625 633 237 350
316 207 328 959 320 728 180
317 409 977 313 982 97 482
318 584 76 150 560 94 377
319 477 452 34 402 440 208
320 687 515 562 443 40 936
321 567 71 375 762 448 301
322 139 845 204 419 89 67
323 785 604 155 66 474 235
324 492 942 19 213 308 730
325 919 412 993 532 431 564
326 589 195 730 908 742 135
327 349 942 183 409 904 793
328 44 640 24 216 210 883
329 505 596 845 860 26 857
330 80 973 319 115 255 706
331 518 266 254 639 481 434
332 767 795 554 693 403 904
333 883 429 206 925 405 750
334 737 267 692 797 969 122
335 667 801 812 604 158 174
336 964 156 381 968 443 549
337 989 914 973 781 311 467
338 927 928 80 749 200 841
339 853 941 325 169 577 963
340 302 707 155 188 78 755
341 137 840 699 506 522 199
342 367 863 199 821 52 999
343 608 891 985 621 338 498
344 896 770 881 827 35 309
345 833 103 170 441 422 413
346 233 332 120 968 269 865
347 424 354 990 214 894 241
348 988 392 509 591 72 999
349 135 119 794 967 297 197
350 900 56 26 527 929 144
351 86 945 923 307 650 874
352 668 486 300 574 600 435
353 839 596 212 974 257 463
354 656 77 702 301 639 105
355 819 32 783 169 70 162
356 659 39 267 545 636 902
357 387 727 320 208 971 659
358 865 500 283 241 226 368
359 480 21 558 467 838 142
360 195 472 731 144 797 934
361 54 140 436 650 711 884
362 10 388 696 338 177 62
363 137 65 430 153 113 884
364 960 176 82 866 964 832
365 267 330 284 247 655 890
366 490 600 152 608 639 422
367 214 487 58 31 709 675
368 730 906 613 465 949 650
369 541 724 781 100 793 374
370 18 442 276 478 178 130
371 246 869 657 825 209 157
372 481 554 632 769 203 975
373 317 581 980 300 675 892
374 873 417 297 191 236 903
375 183 517 501 316 678 694
376 441 942 790 32 299 336
377 602 439 905 963 861 661
378 283 854 828 210 968 923
379 241 278 733 59 577 17
380 357 0 39 425 9 457
381 298 254 546 238 37 941
382 630 554 124 697 510 8
383 846 323 499 757 872 401
384 362 227 336 37 952 250
385 357 588 109 921 463 674
386 318 564 655 937 650 752
387 368 697 962 348 793 524
388 967 694 560 444 78 581
389 819 465 831 515 968 189
390 111 346 448 259 220 669
391 345 477 106 298 97 566
392 17 886 403 668 36 467
393 43 565 127 926 457 31
394 980 986 607 717 881 822
395 351 787 170 96 428 280
396 461 243 291 261 88 220
397 720 111 994 531 306 62
398 310 552 523 524 295 78
399 191 47 277 222 532 625
400 59 575 99 503 815 151
401 805 32 189 117 879 46
402 456 743 40 564 835 412
403 560 658 593 628 980 618
404 55 410 884 736 208 425
405 293 137 826 178 776 229
406 846 710 494 493 183 917
407 295 945 724 711 460 210
408 411 211 997 763 256 321
409 504 611 904 44 451 265
410 421 698 997 229 972 878
411 217 678 692 506 492 886
412 970 570 404 594 660 762
413 163 997 922 600 724 562
414 140 473 13 94 6 15
415 389 743 787 689 253 441
416 274 505 482 391 787 269
417 113 495 861 365 734 607
418 978 448 742 443 666 976
419 795 384 523 454 959 141
420 384 749 920 233 670 805
421 881 195 173 380 527 388
422 749 622 771 540 565 803
423 954 879 896 884 934 319
424 481 904 814 944 460 995
425 392 755 653 489 704 335
426 840 135 668 189 398 631
427 385 568 988 589 106 613
428 237 66 476 229 427 878
429 71 509 743 375 553 16
430 571 10 282 443 955 672
431 937 143 750 358 2 731
432 976 763 816 913 958 988
433 232 119 510 123 971 665
434 988 352 304 870 993 228
435 275 426 837 127 694 635
436 745 89 229 204 108 497
437 495 547 613 334 131 282
438 272 957 7 265 605 996
439 195 126 674 351 807 371
440 516 431 581 451 590 745
441 515 924 100 627 251 674
442 275 65 94 210 430 54
443 851 367 488 695 332 390
444 611 161 795 734 199 38
445 617 454 364 653 13 854
446 397 795 894 428 786 502
447 810 334 607 574 136 373
448 603 136 469 545 315 302
449 18 397 34 311 616 702
450 973 881 350 217 526 143
451 987 472 227 881 661 28
452 648 41 585 478 287 652
453 57 840 375 723 89 915
454 427 356 57 676 620 889
455 423 159 452 775 440 201
456 917 584 747 934 665 783
457 104 427 763 372 343 136
458 66 159 109 129 897 856
459 856 135 411 252 358 304
460 91 393 115 610 488 125
461 614 778 55 211 134 498
462 350 395 313 893 703 71
463 572 615 877 523 223 47
464 175 392 887 502 951 680
465 78 929 567 574 678 190
466 727 658 930 11 961 892
467 887 59 242 957 103 897
468 112 58 220 390 706 296
469 396 892 520 253 74 937
470 224 39 696 206 207 46
471 930 576 158 760 520 531
472 332 782 444 415 15 700
473 781 900 983 661 554 251
474 100 359 356 24 627 900
475 684 581 755 325 450 473
476 236 332 442 84 71 717
477 951 268 101 340 932 743
478 895 452 551 817 180 60
479 409 201 137 353 422 113
480 732 920 929 96 437 83
481 163 224 959 418 70 852
482 784 89 807 870 974 716
483 330 958 128 766 914 38
484 418 835 973 988 848 813
485 891 511 648 789 871 616
486 771 125 851 438 484 610
487 972 256 438 560 401 528
488 28 290 971 501 438 793
489 718 932 719 474 362 100
490 184 431 902 548 214 387
491 613 357 316 487 921 917
492 649 741 346 789 806 551
493 563 212 292 423 695 539
494 166 719 934 206 554 475
495 449 736 897 970 748 256
496 707 665 486 588 653 451
497 209 99 314 674 275 981
498 280 281 674 145 629 130
499 497 182 326 18 583 580
500 188 830 276 430 872 66
501 574 371 430 731 723 311
502 647 339 469 833 138 41
503 576 357 724 780 13 397
504 783 346 608 45 978 88
505 139 958 622 850 312 159
506 602 526 521 489 893 610
507 657 197 491 787 153 134
508 519 624 66 782 916 546
509 105 21 270 546 476 74
510 781 612 294 359 959 724
511 547 637 481 724 434 679
512 978 417 900 329 615 495
513 977 984 416 220 679 417
514 672 15 144 481 948 329
515 416 284 970 379 235 742
516 840 89 737 991 298 351
517 795 410 97 376 325 964
518 619 92 351 373 730 75
519 693 72 85 211 881 759
520 454 750 158 600 305 900
521 109 150 871 588 943 212
522 185 920 918 638 357 806
523 756 159 561 757 622 949
524 430 670 988 833 253 849
525 109 495 999 417 190 627
526 281 118 846 997 969 78
527 942 715 782 53 489 138
528 491 698 937 26 335 280
529 769 811 954 308 634 658
530 250 628 819 654 870 487
531 862 57 56 730 723 92
532 286 962 890 881 5 685
533 842 823 750 222 837 904
534 315 63 331 182 683 696
535 527 584 740 962 394 661
536 386 172 571 875 86 221
537 710 309 624 112 454 752
538 199 760 896 803 986 359
539 248 237 108 711 131 971
540 963 317 505 979 96 702
541 156 753 679 981 760 280
542 664 222 825 290 761 437
543 454 344 415 131 159 775
544 308 776 514 709 191 579
545 348 480 806 827 910 670
546 814 11 813 491 152 610
547 935 343 992 345 960 398
548 550 88 140 710 693 592
549 558 448 440 309 38 368
550 341 816 640 286 446 64
551 384 73 153 812 669 885
552 731 626 129 982 438 866
553 800 47 605 395 430 539
554 536 384 952 565 46 497
555 646 180 163 182 790 601
556 357 87 638 134 911 494
557 825 736 551 384 689 700
558 637 551 254 591 965 873
559 582 581 809 506 823 341
560 599 930 127 105 283 150
561 447 761 61 677 782 55
562 230 706 767 467 404 793
563 663 241 445 144 318 446
564 982 699 330 4 969 808
565 93 630 237 200 493 409
566 91 249 889 16 49 673
567 199 9 684 488 194 6
568 762 170 829 470 727 864
569 161 597 511 98 156 216
570 80 815 885 679 244 448
571 463 689 311 563 277 737
572 220 716 61 617 482 670
573 189 240 954 30 460 102
574 704 33 433 799 0 730
575 308 882 373 277 877 202
576 837 355 257 850 576 357
577 748 17 809 488 99 911
578 559 210 575 600 987 828
579 657 261 699 737 490 809
580 691 169 438 66 460 116
581 402 311 890 823 504 814
582 998 325 592 467 239 372
583 272 110 757 488 491 790
584 833 539 219 340 122 59
585 145 585 561 706 839 271
586 47 990 324 372 251 299
587 458 963 361 258 14 689
588 201 701 459 417 988 337
589 806 837 655 958 19 60
590 537 379 684 383 145 408
591 842 929 89 548 350 920
592 107 413 945 126 848 565
593 325 607 824 225 458 569
594 914 372 625 261 880 2
595 730 716 342 931 720 430
596 884 966 930 216 72 701
597 596 3 457 818 188 566
598 183 396 680 461 592 575
599 402 317 774 453 39 86
600 803 470 536 860 725 151
601 935 538 999 336 560 755
602 777 304 362 642 621 448
603 703 261 125 531 354 415
604 946 211 115 847 261 744
605 932 936 629 14 181 509
606 237 336 415 434 251 526
607 637 160 947 988 439 179
608 890 717 674 295 468 403
609 700 935 264 61 277 847
610 390 366 572 33 178 344
611 271 647 604 778 143 70
612 484 681 387 376 641 99
613 433 984 268 791 647 698
614 756 767 726 344 803 1
615 383 900 517 187 807 728
616 181 714 202 556 533 266
617 300 958 651 339 363 73
618 217 648 679 447 606 938
619 82 855 566 65 384 215
620 399 464 807 904 57 380
621 333 458 57 622 654 281
622 697 758 121 705 765 553
623 479 996 803 944 543 540
624 642 3 842 837 373 240
625 510 412 11 474 765 518
626 662 726 865 268 832 226
627 858 281 912 385 928 926
628 30 892 914 34 413 336
629 765 557 584 576 977 875
630 308 983 837 148 750 667
631 160 920 272 195 596 945
632 976 343 296 178 108 134
633 702 445 776 111 532 757
634 583 51 133 482 875 89
635 291 41 905 0 454 981
636 609 970 435 39 529 627
637 642 505 75 474 9 112
638 791 320 908 488 406 349
639 750 648 807 32 989 168
640 454 29 765 428 889 705
641 171 224 604 136 918 554
642 835 117 173 816 450 538
643 706 336 46 47 98 264
644 553 862 392 844 650 867
645 517 979 448 652 400 229
646 303 582 428 685 131 408
647 903 359 222 362 202 77
648 661 515 403 962 185 805
649 414 769 689 659 943 884
650 417 129 378 107 115 19
651 938 14 32 112 215 658
652 455 477 550 800 56 245
653 635 762 602 158 940 932
654 598 181 457 665 277 354
655 224 37 118 847 489 573
656 440 271 453 90 968 319
657 977 333 833 161 640 210
658 567 779 654 276 81 216
659 76 947 783 207 380 844
660 115 846 493 653 376 399
661 759 287 690 621 217 776
662 479 296 815 89 758 887
663 926 989 113 226 765 651
664 303 65 90 281 400 509
665 694 676 882 764 334 299
666 360 303 586 328 193 757
667 530 288 425 322 640 636
668 987 958 204 183 695 646
669 865 478 562 598 40 470
670 898 593 763 144 800 517
671 505 250 392 827 596 55
672 555 287 553 538 58 608
673 688 648 15 606 135 403
674 779 536 180 346 333 29
675 107 676 391 9 619 363
676 305 564 699 598 72 242
677 502 789 386 144 103 887
678 912 561 878 940 0 20
679 666 535 575 162 582 608
680 66 212 402 619 997 549
681 110 756 749 855 25 784
682 814 172 315 861 396 552
683 385 128 656 727 943 160
684 389 889 46 687 228 72
685 445 932 522 548 130 599
686 558 127 672 376 789 682
687 297 879 629 810 245 854
688 91 130 875 302 886 986
689 862 970 848 817 231 240
690 973 104 475 689 650 413
691 703 548 478 187 912 318
692 548 636 25 615 603 972
693 499 505 335 741 36 86
694 580 363 572 896 511 230
695 22 3 280 363 690 560
696 729 124 421 361 342 416
697 0 635 660 782 819 655
698 38 298 485 710 375 198
699 94 993 858 459 992 406
700 137 276 297 750 903 959
701 855 262 909 298 758 841
702 756 711 880 852 329 357
703 255 661 445 107 771 220
704 31 972 949 862 60 966
705 222 921 470 652 916 726
706 10 389 457 375 806 88
707 72 879 562 835 19 568
708 918 780 860 75 210 344
709 51 36 590 748 781 660
710 827 132 675 630 966 730
711 943 261 459 572 582 781
712 653 443 998 154 303 892
713 172 570 108 89 58 627
714 310 113 349 395 441 723
715 55 10 309 218 274 588
716 821 802 458 118 671 428
717 529 625 140 126 301 210
718 605 855 619 685 646 342
719 663 999 266 829 430 409
720 328 132 298 395 989 943
721 614 58 458 834 285 690
722 650 871 17 271 462 391
723 236 770 748 736 499 238
724 27 991 796 551 184 397
725 167 652 261 524 479 471
726 364 128 745 984 158 889
727 174 41 899 884 125 18
728 349 236 291 809 974 151
729 677 276 500 135 649 686
730 220 42 439 709 845 489
731 787 241 864 996 851 191
732 433 921 670 339 769 726
733 494 433 412 962 154 983
734 183 565 473 582 690 989
735 772 610 661 315 912 393
736 969 65 10 0 250 425
737 657 568 201 204 600 39
738 658 922 785 202 465 884
739 537 388 558 810 632 664
740 951 211 782 964 515 487
741 55 173 171 184 483 41
742 311 563 428 858 932 431
743 266 203 463 255 251 71
744 993 400 718 555 741 916
745 199 757 901 818 282 612
746 36 695 678 122 267 779
747 994 600 438 930 277 482
748 75 562 816 7 441 903
749 215 761 470 838 554 163
750 443 307 411 807 92 951
751 647 996 441 939 274 342
752 458 962 984 974 906 526
753 181 38 4 116 472 607
754 821 625 296 362 406 829
755 269 529 491 212 681 361
756 154 64 209 999 914 72
757 750 91 300 493 546 139
758 116 533 192 625 505 886
759 782 70 0 704 288 797
760 811 238 326 839 600 865
761 345 351 728 34 8 158
762 107 491 827 653 672 466
763 605 328 374 903 649 602
764 543 493 695 173 59 467
765 692 186 404 469 711 197
766 782 17 165 281 77 581
767 34 14 750 758 491 203
768 922 228 438 374 856 911
769 822 374 837 788 799 134
770 419 600 445 928 547 422
771 124 39 544 936 695 234
772 690 967 444 876 453 545
773 135 712 895 510 886 694
774 29 79 643 251 562 696
775 648 501 719 727 23 712
776 831 41 798 907 910 265
777 112 971 85 309 355 187
778 457 215 916 816 337 811
779 964 475 802 701 353 148
780 777 942 762 867 549 667
781 325 440 74 966 223 539
782 490 432 602 27 707 58
783 72 411 25 522 396 589
784 725 797 512 98 71 346
785 55 852 684 933 336 886
786 667 998 453 417 128 85
787 772 19 538 552 969 78
788 458 975 942 674 503 91
789 257 884 989 547 865 191
790 310 2 794 817 152 446
791 924 245 870 598 103 351
792 483 137 31 542 440 592
793 685 136 150 722 738 568
794 716 83 898 945 764 977
795 914 17 615 413 53 866
796 343 992 396 390 245 311
797 235 954 292 376 485 694
798 339 928 22 935 381 828
799 693 430 667 984 405 166
800 663 383 248 202 456 213
801 21 193 274 649 561 770
802 654 875 715 793 826 853
803 83 933 648 91 368 583
804 898 495 398 904 713 958
805 828 475 831 859 136 737
806 432 777 624 404 32 969
807 883 651 653 196 488 70
808 520 26 158 318 422 293
809 828 565 254 642 152 150
810 620 974 519 119 289 869
811 692 598 440 569 248 899
812 218 317 132 653 576 466
813 34 232 370 807 399 951
814 736 378 142 664 502 460
815 169 103 593 231 905 801
816 263 286 511 934 351 2
817 680 477 66 17 126 767
818 736 653 713 669 904 362
819 736 526 330 11 782 833
820 120 13 416 312 268 316
821 989 848 873 240 273 529
822 385 515 800 901 756 349
823 374 403 699 814 428 328
824 625 383 966 487 842 798
825 926 326 325 967 294 626
826 377 831 935 960 950 375
827 653 666 357 365 187 796
828 673 636 81 143 301 342
829 126 173 256 479 830 655
830 260 885 938 279 952 518
831 61 739 772 431 928 865
832 61 747 627 939 94 861
833 990 443 629 915 849 980
834 745 341 722 500 750 662
835 294 585 809 309 869 610
836 827 996 560 232 704 801
837 356 485 739 989 514 100
838 436 545 190 174 837 387
839 152 202 984 959 327 318
840 602 175 523 796 359 873
841 582 281 741 272 842 848
842 991 177 284 723 487 736
843 982 586 725 141 699 693
844 609 273 735 89 435 212
845 530 834 312 537 363 690
846 104 907 931 518 109 691
847 114 161 465 315 453 721
848 344 101 865 928 637 201
849 959 568 346 962 818 10
850 76 626 180 359 737 905
851 645 11 88 540 107 395
852 42 842 260 158 193 482
853 451 612 392 563 920 54
854 803 741 616 383 918 59
855 222 403 936 296 135 143
856 684 933 310 304 839 201
857 991 944 504 234 928 990
858 244 941 594 925 634 668
859 489 252 512 289 74 524
860 110 773 232 898 816 491
861 122 759 840 908 582 734
862 672 592 185 849 615 550
863 853 68 737 786 382 223
864 487 210 945 485 99 954
865 465 374 604 492 462 728
866 627 968 448 56 339 385
867 465 690 659 827 364 160
868 606 546 227 282 806 434
869 775 16 404 295 808 733
870 626 960 495 917 998 448
871 38 753 881 387 347 991
872 325 253 18 400 471 842
873 713 738 129 576 765 232
874 627 320 60 294 969 182
875 915 748 955 949 165 20
876 491 880 346 225 817 211
877 714 999 188 106 66 588
878 977 200 208 500 901 168
879 579 408 457 444 639 357
880 760 378 889 221 397 356
881 113 444 39 552 285 578
882 496 172 199 589 347 268
883 232 163 125 635 674 245
884 941 31 704 658 503 345
885 943 466 533 904 585 52
886 51 654 566 759 945 337
887 523 449 665 350 59 640
888 409 356 700 801 847 561
889 344 673 949 8 354 829
890 675 446 815 476 311 372
891 180 872 321 996 213 531
892 52 427 669 525 688 280
893 71 39 696 409 597 96
894 311 707 469 565 327 959
895 561 217 12 588 329 897
896 718 625 594 550 183 35
897 22 756 640 287 702 955
898 243 970 845 967 647 628
899 23 311 348 283 125 96
900 620 763 214 474 294 380
901 114 656 337 595 565 73
902 386 952 491 629 241 345
903 107 271 281 990 16 690
904 660 994 368 661 700 339
905 834 208 520 346 259 707
906 316 771 638 499 475 914
907 974 6 19 696 796 427
908 452 558 31 951 742 517
909 595 391 620 420 594 263
910 573 897 706 224 715 790
911 263 759 877 42 626 463
912 953 622 891 591 374 216
913 465 618 882 844 683 551
914 874 269 614 922 103 587
915 255 485 3 683 463 744
916 710 14 692 928 700 680
917 921 793 957 509 878 504
918 690 556 77 355 414 961
919 879 95 393 693 588 406
920 724 671 312 348 798 914
921 282 658 939 573 671 639
922 295 550 911 848 777 299
923 476 266 19 244 755 450
924 549 136 728 365 949 914
925 41 739 246 376 181 387
926 568 493 28 944 444 667
927 30 309 591 814 392 720
928 832 290 625 624 581 575
929 209 54 741 857 90 51
930 306 672 135 480 717 287
931 231 28 618 135 294 819
932 839 419 895 205 710 825
933 797 646 193 40 816 249
934 609 283 127 750 244 171
935 548 778 559 312 4 395
936 637 148 574 590 925 984
937 371 150 763 769 692 128
938 374 880 992 931 181 790
939 128 181 60 529 397 208
940 648 778 506 161 771 214
941 853 799 500 283 378 433
942 183 742 699 302 176 247
943 878 114 870 484 95 211
944 675 76 135 225 762 736
945 263 468 197 539 563 273
946 241 512 390 461 360 136
947 328 721 212 452 568 266
948 792 472 894 783 449 262
949 594 891 635 790 723 873
950 795 895 818 52 565 956
951 953 803 498 757 564 884
952 386 316 691 468 755 560
953 141 414 545 287 584 88
954 335 79 752 969 397 605
955 9 535 627 403 448 284
956 359 565 625 523 749 611
957 123 343 97 120 600 424
958 840 27 298 460 429 23
959 931 429 385 64 951 624
960 877 108 776 487 578 605
961 512 54 981 117 760 245
962 166 739 571 194 324 72
963 663 190 710 286 763 940
964 618 807 23 223 609 614
965 43 68 520 938 796 997
966 970 476 350 647 297 769
967 442 182 660 687 162 922
968 539 963 795 547 601 895
969 600 214 675 710 937 945
970 474 406 728 787 615 563
971 961 160 39 493 563 834
972 585 937 716 835 433 606
973 489 625 45 808 741 667
974 710 408 931 730 708 678
975 443 523 91 999 808 438
976 269 145 435 823 793 628
977 468 794 820 482 378 46
978 444 348 204 484 12 813
979 117 965 826 751 516 244
980 968 863 363 491 949 437
981 280 246 737 796 357 283
982 755 715 105 574 49 313
983 212 208 581 643 256 832
984 410 516 611 541 894 875
985 140 148 284 836 415 980
986 742 850 44 793 438 694
987 508 211 397 949 80 751
988 321 325 239 879 948 275
989 137 20 803 946 655 662
990 760 714 992 640 504 345
991 198 311 939 208 217 660
992 5 455 4 348 958 93
993 506 740 825 727 700 756
994 78 155 858 777 324 434
995 682 477 756 493 772 745
996 395 837 966 172 946 857
997 297 631 781 307 908 916
998 845 418 594 151 877 17
999 416 444 791 54 483 845